1683648331736 0.1287499964237213 0
1683648343484 0.22624999284744263 1
1683648355547 0.3199999928474426 2
1683648368049 0.3787499964237213 3
1683648379778 0.45875000953674316 4
1683648391240 0.49000000953674316 5
1683648403192 0.518750011920929 6
1683648414723 0.5550000071525574 7
1683648425862 0.5712500214576721 8
1683648436440 0.574999988079071 9
1683648447420 0.612500011920929 10
1683648458263 0.6237499713897705 11
1683648469622 0.6487500071525574 12
1683648480912 0.643750011920929 13
1683648491928 0.6899999976158142 14
1683648502235 0.668749988079071 15
1683648513763 0.6850000023841858 16
1683648524958 0.7012500166893005 17
1683648535575 0.7112500071525574 18
1683648546431 0.7337499856948853 19
1683648557445 0.706250011920929 20
1683648569140 0.7362499833106995 21
1683648580837 0.7462499737739563 22
1683648593307 0.7649999856948853 23
1683648605323 0.7487499713897705 24
1683648616788 0.71875 25
1683648628391 0.7487499713897705 26
1683648639810 0.7450000047683716 27
1683648651577 0.7362499833106995 28
1683648662716 0.7425000071525574 29
1683648674410 0.7562500238418579 30
1683648685684 0.7612500190734863 31
1683648696825 0.7350000143051147 32
