1683648331736 11.603249549865723 0
1683648343484 8.188289642333984 1
1683648355547 6.178394317626953 2
1683648368049 5.0339250564575195 3
1683648379778 3.828793525695801 4
1683648391240 3.685274362564087 5
1683648403192 3.040477991104126 6
1683648414723 2.8546411991119385 7
1683648425862 2.4902844429016113 8
1683648436440 2.3524274826049805 9
1683648447420 2.0768086910247803 10
1683648458263 1.9931063652038574 11
1683648469622 1.8142802715301514 12
1683648480912 1.706956148147583 13
1683648491928 1.4408128261566162 14
1683648502235 1.414980173110962 15
1683648513763 1.6034135818481445 16
1683648524958 1.34132981300354 17
1683648535575 1.2440797090530396 18
1683648546431 1.1948219537734985 19
1683648557445 1.2519307136535645 20
1683648569140 1.0844686031341553 21
1683648580837 0.9256250858306885 22
1683648593307 0.9652023911476135 23
1683648605323 1.0612694025039673 24
1683648616788 1.132819414138794 25
1683648628391 1.0122874975204468 26
1683648639810 1.0034149885177612 27
1683648651577 1.0987268686294556 28
1683648662716 1.038453221321106 29
1683648674410 1.0760806798934937 30
1683648685684 0.971902072429657 31
1683648696825 1.092079997062683 32
