1683648331736 0.0010000000474974513 0
1683648343484 0.0010000000474974513 1
1683648355547 0.0010000000474974513 2
1683648368049 0.0010000000474974513 3
1683648379778 0.0010000000474974513 4
1683648391240 0.0010000000474974513 5
1683648403192 0.0010000000474974513 6
1683648414723 0.0010000000474974513 7
1683648425862 0.0010000000474974513 8
1683648436440 0.0010000000474974513 9
1683648447420 0.0010000000474974513 10
1683648458263 0.0010000000474974513 11
1683648469622 0.0010000000474974513 12
1683648480912 0.0010000000474974513 13
1683648491928 0.0010000000474974513 14
1683648502235 0.0010000000474974513 15
1683648513763 0.0010000000474974513 16
1683648524958 0.0010000000474974513 17
1683648535575 0.0010000000474974513 18
1683648546431 0.0010000000474974513 19
1683648557445 0.0010000000474974513 20
1683648569140 0.00010000000474974513 21
1683648580837 0.00010000000474974513 22
1683648593307 0.00010000000474974513 23
1683648605323 0.00010000000474974513 24
1683648616788 0.00010000000474974513 25
1683648628391 0.00010000000474974513 26
1683648639810 1.0000000656873453e-05 27
1683648651577 1.0000000656873453e-05 28
1683648662716 1.0000000656873453e-05 29
1683648674410 1.0000000656873453e-05 30
1683648685684 1.0000000656873453e-05 31
1683648696825 1.0000000656873453e-05 32
