1683568705284 0.6662499904632568 0
1683568716605 0.7300000190734863 1
1683568728092 0.8387500047683716 2
1683568739692 0.856249988079071 3
1683568751077 0.8550000190734863 4
1683568762380 0.8962500095367432 5
1683568774191 0.9300000071525574 6
1683568785889 0.9387500286102295 7
1683568797200 0.9449999928474426 8
1683568808612 0.9512500166893005 9
1683568820255 0.9637500047683716 10
1683568831814 0.9649999737739563 11
1683568843039 0.9637500047683716 12
1683568854610 0.9649999737739563 13
1683568866292 0.9674999713897705 14
1683568877577 0.9800000190734863 15
1683568888969 0.9775000214576721 16
1683568900654 0.9787499904632568 17
1683568912235 0.9775000214576721 18
1683568923443 0.981249988079071 19
1683568934969 0.9800000190734863 20
