1683568705284 1.4387212991714478 0
1683568716605 0.8812166452407837 1
1683568728092 0.5133814811706543 2
1683568739692 0.5222843289375305 3
1683568751077 0.43716442584991455 4
1683568762380 0.3476819694042206 5
1683568774191 0.2141670435667038 6
1683568785889 0.19746580719947815 7
1683568797200 0.18532274663448334 8
1683568808612 0.16170892119407654 9
1683568820255 0.11262581497430801 10
1683568831814 0.12627239525318146 11
1683568843039 0.12241285294294357 12
1683568854610 0.11562146991491318 13
1683568866292 0.11411643773317337 14
1683568877577 0.07715930789709091 15
1683568888969 0.10193801671266556 16
1683568900654 0.0943140909075737 17
1683568912235 0.0684630274772644 18
1683568923443 0.062067661434412 19
1683568934969 0.0737658441066742 20
