1683568705284 9.999999747378752e-05 0
1683568716605 9.999999747378752e-05 1
1683568728092 9.999999747378752e-05 2
1683568739692 9.999999747378752e-05 3
1683568751077 9.999999747378752e-05 4
1683568762380 4.999999873689376e-05 5
1683568774191 4.999999873689376e-05 6
1683568785889 4.999999873689376e-05 7
1683568797200 4.999999873689376e-05 8
1683568808612 4.999999873689376e-05 9
1683568820255 4.999999873689376e-05 10
1683568831814 2.499999936844688e-05 11
1683568843039 2.499999936844688e-05 12
1683568854610 2.499999936844688e-05 13
1683568866292 2.499999936844688e-05 14
1683568877577 2.499999936844688e-05 15
1683568888969 2.499999936844688e-05 16
1683568900654 1.249999968422344e-05 17
1683568912235 1.249999968422344e-05 18
1683568923443 1.249999968422344e-05 19
1683568934969 1.249999968422344e-05 20
