1683370084285 0.2918750047683716 0
1683370116405 0.5868750214576721 1
1683370146433 0.6712499856948853 2
1683370183642 0.6850000023841858 3
1683370213708 0.7149999737739563 4
1683370245764 0.7131249904632568 5
1683370276586 0.7368749976158142 6
1683370306719 0.768750011920929 7
1683370340623 0.7693750262260437 8
1683370372019 0.7699999809265137 9
1683370402803 0.7712500095367432 10
1683370432748 0.7856249809265137 11
1683370465288 0.7831249833106995 12
1683370498461 0.8062499761581421 13
1683370528757 0.7975000143051147 14
1683370558560 0.7943750023841858 15
1683370589530 0.784375011920929 16
1683370622110 0.8025000095367432 17
1683370652913 0.8012499809265137 18
1683370682627 0.7862499952316284 19
1683370724128 0.796875 20
1683370760132 0.8018749952316284 21
1683370793305 0.7987499833106995 22
1683370829694 0.8231250047683716 23
1683370866808 0.8224999904632568 24
1683370899313 0.8193749785423279 25
1683370930837 0.8268749713897705 26
1683370965425 0.815625011920929 27
1683370996465 0.8118749856948853 28
1683371027147 0.8168749809265137 29
1683371058111 0.8299999833106995 30
1683371088524 0.8243749737739563 31
1683371119016 0.840624988079071 32
1683371149368 0.824999988079071 33
1683371179776 0.8224999904632568 34
1683371210095 0.8199999928474426 35
1683371239940 0.8268749713897705 36
1683371270082 0.840624988079071 37
1683371303355 0.8374999761581421 38
1683371333471 0.8318750262260437 39
1683371363060 0.8387500047683716 40
1683371396166 0.8299999833106995 41
1683371429884 0.8412500023841858 42
1683371463497 0.8537499904632568 43
1683371497131 0.8337500095367432 44
1683371527760 0.8606250286102295 45
1683371560715 0.8337500095367432 46
1683371590224 0.84375 47
1683371620155 0.8506249785423279 48
1683371650776 0.8374999761581421 49
1683371683201 0.8362500071525574 50
1683371716152 0.8399999737739563 51
1683371749486 0.8531249761581421 52
1683371784063 0.8381249904632568 53
1683371817296 0.8381249904632568 54
1683371851892 0.8368750214576721 55
