1683370084285 5.384637355804443 0
1683370116405 2.149480104446411 1
1683370146433 1.5702383518218994 2
1683370183642 1.377058744430542 3
1683370213708 1.2371242046356201 4
1683370245764 1.215611457824707 5
1683370276586 1.0129444599151611 6
1683370306719 0.9345465302467346 7
1683370340623 0.8831642270088196 8
1683370372019 0.8245577216148376 9
1683370402803 0.8313629627227783 10
1683370432748 0.7694592475891113 11
1683370465288 0.7878108024597168 12
1683370498461 0.6364849209785461 13
1683370528757 0.7153475284576416 14
1683370558560 0.7225445508956909 15
1683370589530 0.681620717048645 16
1683370622110 0.6455028057098389 17
1683370652913 0.6763902306556702 18
1683370682627 0.7177433967590332 19
1683370724128 0.6832906603813171 20
1683370760132 0.6599886417388916 21
1683370793305 0.6530337333679199 22
1683370829694 0.5911924839019775 23
1683370866808 0.5909411907196045 24
1683370899313 0.5733907222747803 25
1683370930837 0.569199800491333 26
1683370965425 0.5903158783912659 27
1683370996465 0.6176466941833496 28
1683371027147 0.6081209182739258 29
1683371058111 0.5366942882537842 30
1683371088524 0.5654685497283936 31
1683371119016 0.4683796167373657 32
1683371149368 0.5119199156761169 33
1683371179776 0.5297060012817383 34
1683371210095 0.5404413938522339 35
1683371239940 0.5170131921768188 36
1683371270082 0.49592769145965576 37
1683371303355 0.4922119975090027 38
1683371333471 0.524249792098999 39
1683371363060 0.4858373999595642 40
1683371396166 0.5174144506454468 41
1683371429884 0.4951155483722687 42
1683371463497 0.4436834752559662 43
1683371497131 0.5181644558906555 44
1683371527760 0.44266125559806824 45
1683371560715 0.4831906259059906 46
1683371590224 0.4946596622467041 47
1683371620155 0.44672924280166626 48
1683371650776 0.4904451072216034 49
1683371683201 0.48035866022109985 50
1683371716152 0.49251410365104675 51
1683371749486 0.46876540780067444 52
1683371784063 0.5015769600868225 53
1683371817296 0.489484965801239 54
1683371851892 0.4833604693412781 55
