1683370084285 0.004999999888241291 0
1683370116405 0.004999999888241291 1
1683370146433 0.004999999888241291 2
1683370183642 0.004999999888241291 3
1683370213708 0.004999999888241291 4
1683370245764 0.004999999888241291 5
1683370276586 0.004999999888241291 6
1683370306719 0.0024999999441206455 7
1683370340623 0.0024999999441206455 8
1683370372019 0.0024999999441206455 9
1683370402803 0.0024999999441206455 10
1683370432748 0.0024999999441206455 11
1683370465288 0.0024999999441206455 12
1683370498461 0.0024999999441206455 13
1683370528757 0.0024999999441206455 14
1683370558560 0.0024999999441206455 15
1683370589530 0.0024999999441206455 16
1683370622110 0.0024999999441206455 17
1683370652913 0.0024999999441206455 18
1683370682627 0.0024999999441206455 19
1683370724128 0.0024999999441206455 20
1683370760132 0.0024999999441206455 21
1683370793305 0.0024999999441206455 22
1683370829694 0.0012499999720603228 23
1683370866808 0.0012499999720603228 24
1683370899313 0.0012499999720603228 25
1683370930837 0.0012499999720603228 26
1683370965425 0.0012499999720603228 27
1683370996465 0.0012499999720603228 28
1683371027147 0.0012499999720603228 29
1683371058111 0.0012499999720603228 30
1683371088524 0.0006249999860301614 31
1683371119016 0.0006249999860301614 32
1683371149368 0.0006249999860301614 33
1683371179776 0.0006249999860301614 34
1683371210095 0.0006249999860301614 35
1683371239940 0.0006249999860301614 36
1683371270082 0.0006249999860301614 37
1683371303355 0.0003124999930150807 38
1683371333471 0.0003124999930150807 39
1683371363060 0.0003124999930150807 40
1683371396166 0.0003124999930150807 41
1683371429884 0.0003124999930150807 42
1683371463497 0.0003124999930150807 43
1683371497131 0.00015624999650754035 44
1683371527760 0.00015624999650754035 45
1683371560715 0.00015624999650754035 46
1683371590224 0.00015624999650754035 47
1683371620155 0.00015624999650754035 48
1683371650776 0.00015624999650754035 49
1683371683201 7.812499825377017e-05 50
1683371716152 7.812499825377017e-05 51
1683371749486 7.812499825377017e-05 52
1683371784063 7.812499825377017e-05 53
1683371817296 7.812499825377017e-05 54
1683371851892 7.812499825377017e-05 55
