1683553549606 0.13500000536441803 0
1683553561628 0.2549999952316284 1
1683553573955 0.3050000071525574 2
1683553585758 0.3712500035762787 3
1683553597530 0.41499999165534973 4
1683553609038 0.44624999165534973 5
1683553620619 0.5074999928474426 6
1683553632475 0.5274999737739563 7
1683553644261 0.543749988079071 8
1683553655586 0.581250011920929 9
1683553667192 0.574999988079071 10
1683553678925 0.6212499737739563 11
1683553690572 0.6337500214576721 12
1683553701919 0.6349999904632568 13
1683553715658 0.6262500286102295 14
1683553728743 0.6512500047683716 15
1683553742432 0.6862499713897705 16
1683553755688 0.6700000166893005 17
1683553768776 0.6875 18
1683553782062 0.7099999785423279 19
1683553796722 0.6924999952316284 20
1683553811002 0.7137500047683716 21
1683553825708 0.71875 22
1683553838494 0.7137500047683716 23
1683553852434 0.7124999761581421 24
1683553865088 0.7162500023841858 25
1683553878271 0.7325000166893005 26
1683553891251 0.7275000214576721 27
1683553905902 0.7462499737739563 28
1683553919015 0.7587500214576721 29
1683553932451 0.7350000143051147 30
1683553945957 0.7237499952316284 31
1683553957762 0.7599999904632568 32
1683553971440 0.7400000095367432 33
1683553984350 0.7487499713897705 34
1683553996321 0.7649999856948853 35
1683554009276 0.762499988079071 36
1683554021453 0.7400000095367432 37
1683554035104 0.7562500238418579 38
1683554047964 0.7400000095367432 39
1683554061785 0.7412499785423279 40
1683554074382 0.7425000071525574 41
1683554086779 0.7587500214576721 42
1683554098957 0.768750011920929 43
1683554113084 0.7762500047683716 44
1683554126278 0.7699999809265137 45
1683554138516 0.7512500286102295 46
1683554150360 0.7387499809265137 47
1683554162691 0.7699999809265137 48
1683554175271 0.7362499833106995 49
1683554187499 0.7587500214576721 50
1683554199131 0.7662500143051147 51
1683554211332 0.7537500262260437 52
1683554223963 0.7599999904632568 53
1683554236219 0.7450000047683716 54
1683554248840 0.7837499976158142 55
1683554261679 0.7724999785423279 56
1683554274536 0.75 57
1683554287071 0.7612500190734863 58
1683554299835 0.7674999833106995 59
1683554312551 0.7762500047683716 60
