1683553549606 10.875633239746094 0
1683553561628 7.588007926940918 1
1683553573955 5.851686000823975 2
1683553585758 4.784997463226318 3
1683553597530 4.117854595184326 4
1683553609038 3.8197295665740967 5
1683553620619 3.2145581245422363 6
1683553632475 2.7746169567108154 7
1683553644261 2.667790412902832 8
1683553655586 2.278998374938965 9
1683553667192 2.3367371559143066 10
1683553678925 1.9865150451660156 11
1683553690572 1.9077948331832886 12
1683553701919 1.863427996635437 13
1683553715658 1.7717056274414062 14
1683553728743 1.6190801858901978 15
1683553742432 1.5103412866592407 16
1683553755688 1.4582476615905762 17
1683553768776 1.3794676065444946 18
1683553782062 1.1809170246124268 19
1683553796722 1.223802089691162 20
1683553811002 1.234901785850525 21
1683553825708 1.0944923162460327 22
1683553838494 1.165118932723999 23
1683553852434 1.1716281175613403 24
1683553865088 1.0706377029418945 25
1683553878271 1.0499441623687744 26
1683553891251 1.0485883951187134 27
1683553905902 0.9806056022644043 28
1683553919015 0.9347397089004517 29
1683553932451 0.9460176229476929 30
1683553945957 1.043080449104309 31
1683553957762 0.8820356130599976 32
1683553971440 0.9202815294265747 33
1683553984350 0.9075992107391357 34
1683553996321 0.8855401873588562 35
1683554009276 0.824485719203949 36
1683554021453 0.953584611415863 37
1683554035104 0.9345753192901611 38
1683554047964 0.9312629103660583 39
1683554061785 0.9508064985275269 40
1683554074382 0.969418466091156 41
1683554086779 0.8364753723144531 42
1683554098957 0.8186519742012024 43
1683554113084 0.8524850606918335 44
1683554126278 0.8637151122093201 45
1683554138516 0.9528486728668213 46
1683554150360 0.8468385338783264 47
1683554162691 0.8102694749832153 48
1683554175271 0.9036298394203186 49
1683554187499 0.8453323841094971 50
1683554199131 0.8293697834014893 51
1683554211332 0.8487989902496338 52
1683554223963 0.7646072506904602 53
1683554236219 0.9249586462974548 54
1683554248840 0.8370006680488586 55
1683554261679 0.9053317904472351 56
1683554274536 0.8941942453384399 57
1683554287071 0.8579261898994446 58
1683554299835 0.8860090374946594 59
1683554312551 0.8570161461830139 60
