1683553549606 0.0010000000474974513 0
1683553561628 0.0010000000474974513 1
1683553573955 0.0010000000474974513 2
1683553585758 0.0010000000474974513 3
1683553597530 0.0010000000474974513 4
1683553609038 0.0010000000474974513 5
1683553620619 0.0010000000474974513 6
1683553632475 0.0010000000474974513 7
1683553644261 0.0010000000474974513 8
1683553655586 0.0010000000474974513 9
1683553667192 0.0010000000474974513 10
1683553678925 0.0010000000474974513 11
1683553690572 0.0010000000474974513 12
1683553701919 0.0010000000474974513 13
1683553715658 0.0010000000474974513 14
1683553728743 0.0010000000474974513 15
1683553742432 0.0010000000474974513 16
1683553755688 0.0010000000474974513 17
1683553768776 0.0010000000474974513 18
1683553782062 0.0010000000474974513 19
1683553796722 0.0010000000474974513 20
1683553811002 0.0005000000237487257 21
1683553825708 0.0005000000237487257 22
1683553838494 0.0005000000237487257 23
1683553852434 0.0005000000237487257 24
1683553865088 0.0005000000237487257 25
1683553878271 0.0005000000237487257 26
1683553891251 0.0005000000237487257 27
1683553905902 0.0005000000237487257 28
1683553919015 0.0002500000118743628 29
1683553932451 0.0002500000118743628 30
1683553945957 0.0002500000118743628 31
1683553957762 0.0002500000118743628 32
1683553971440 0.0002500000118743628 33
1683553984350 0.0002500000118743628 34
1683553996321 0.0001250000059371814 35
1683554009276 0.0001250000059371814 36
1683554021453 0.0001250000059371814 37
1683554035104 0.0001250000059371814 38
1683554047964 0.0001250000059371814 39
1683554061785 0.0001250000059371814 40
1683554074382 0.0001250000059371814 41
1683554086779 0.0001250000059371814 42
1683554098957 6.25000029685907e-05 43
1683554113084 6.25000029685907e-05 44
1683554126278 6.25000029685907e-05 45
1683554138516 6.25000029685907e-05 46
1683554150360 6.25000029685907e-05 47
1683554162691 6.25000029685907e-05 48
1683554175271 3.125000148429535e-05 49
1683554187499 3.125000148429535e-05 50
1683554199131 3.125000148429535e-05 51
1683554211332 3.125000148429535e-05 52
1683554223963 3.125000148429535e-05 53
1683554236219 3.125000148429535e-05 54
1683554248840 1.5625000742147677e-05 55
1683554261679 1.5625000742147677e-05 56
1683554274536 1.5625000742147677e-05 57
1683554287071 1.5625000742147677e-05 58
1683554299835 1.5625000742147677e-05 59
1683554312551 1.5625000742147677e-05 60
