1683564811862 0.36000001430511475 0
1683564823260 0.6187499761581421 1
1683564835083 0.7250000238418579 2
1683564846551 0.7549999952316284 3
1683564858435 0.7900000214576721 4
1683564870413 0.8475000262260437 5
1683564883938 0.8587499856948853 6
1683564896721 0.8924999833106995 7
1683564909089 0.8974999785423279 8
1683564921178 0.9037500023841858 9
1683564934313 0.9012500047683716 10
1683564946350 0.9399999976158142 11
1683564958453 0.9512500166893005 12
1683564970457 0.9512500166893005 13
1683564982615 0.9524999856948853 14
1683564994706 0.9612500071525574 15
1683565006355 0.9587500095367432 16
1683565018312 0.9725000262260437 17
