1683564811862 10.03091812133789 0
1683564823260 1.2706753015518188 1
1683564835083 0.9850642681121826 2
1683564846551 0.7272872924804688 3
1683564858435 0.6031943559646606 4
1683564870413 0.5232840776443481 5
1683564883938 0.467695951461792 6
1683564896721 0.311357319355011 7
1683564909089 0.32332104444503784 8
1683564921178 0.2793629765510559 9
1683564934313 0.27857038378715515 10
1683564946350 0.19157744944095612 11
1683564958453 0.18670904636383057 12
1683564970457 0.17574943602085114 13
1683564982615 0.1257799118757248 14
1683564994706 0.1332356184720993 15
1683565006355 0.11872100830078125 16
1683565018312 0.08933168649673462 17
