1683564811862 0.0010000000474974513 0
1683564823260 0.0010000000474974513 1
1683564835083 0.0010000000474974513 2
1683564846551 0.0010000000474974513 3
1683564858435 0.0010000000474974513 4
1683564870413 0.0010000000474974513 5
1683564883938 0.0005000000237487257 6
1683564896721 0.0005000000237487257 7
1683564909089 0.0005000000237487257 8
1683564921178 0.0005000000237487257 9
1683564934313 0.0005000000237487257 10
1683564946350 0.0005000000237487257 11
1683564958453 0.0002500000118743628 12
1683564970457 0.0002500000118743628 13
1683564982615 0.0002500000118743628 14
1683564994706 0.0002500000118743628 15
1683565006355 0.0002500000118743628 16
1683565018312 0.0002500000118743628 17
