1683222483008 0.13500000536441803 0
1683222510225 0.16124999523162842 1
1683222535687 0.16437500715255737 2
1683222559072 0.20125000178813934 3
1683222582162 0.24124999344348907 4
1683222605784 0.24312500655651093 5
1683222628833 0.2787500023841858 6
1683222652465 0.3006249964237213 7
1683222675530 0.32374998927116394 8
1683222699899 0.34562501311302185 9
1683222723204 0.3512499928474426 10
1683222746572 0.3812499940395355 11
1683222769927 0.40187498927116394 12
1683222793021 0.4000000059604645 13
1683222816244 0.43312498927116394 14
1683222839217 0.4399999976158142 15
1683222862678 0.453125 16
1683222885686 0.4556249976158142 17
1683222909088 0.45124998688697815 18
1683222931882 0.49437499046325684 19
1683222955307 0.4925000071525574 20
1683222978189 0.4925000071525574 21
1683223001510 0.4975000023841858 22
1683223024739 0.5274999737739563 23
1683223047780 0.5425000190734863 24
1683223072811 0.5487499833106995 25
1683223095755 0.5518749952316284 26
1683223119273 0.5462499856948853 27
1683223142226 0.5518749952316284 28
1683223165908 0.5662500262260437 29
1683223189045 0.5718749761581421 30
1683223212717 0.596875011920929 31
1683223236632 0.5831249952316284 32
1683223263261 0.5868750214576721 33
1683223287432 0.581250011920929 34
1683223311029 0.6025000214576721 35
1683223335440 0.6012499928474426 36
1683223361314 0.596875011920929 37
1683223385751 0.6181250214576721 38
1683223410487 0.625 39
1683223434175 0.6175000071525574 40
1683223457321 0.6274999976158142 41
1683223480478 0.6299999952316284 42
1683223504799 0.637499988079071 43
1683223530766 0.6443750262260437 44
1683223556825 0.6362500190734863 45
1683223583293 0.6393749713897705 46
1683223608996 0.6381250023841858 47
1683223635426 0.6587499976158142 48
1683223661383 0.671875 49
1683223687711 0.6524999737739563 50
1683223714955 0.6606249809265137 51
1683223742883 0.6637499928474426 52
1683223770606 0.6787499785423279 53
1683223796420 0.6668750047683716 54
1683223822562 0.6693750023841858 55
1683223848944 0.6693750023841858 56
1683223875891 0.6693750023841858 57
1683223901644 0.690625011920929 58
1683223927317 0.675000011920929 59
1683223954216 0.6806250214576721 60
1683223979440 0.6943749785423279 61
1683224004556 0.6974999904632568 62
1683224029946 0.6937500238418579 63
1683224054312 0.6956250071525574 64
1683224078478 0.7074999809265137 65
1683224101527 0.706250011920929 66
1683224124998 0.7056249976158142 67
1683224147957 0.7068750262260437 68
1683224171441 0.706250011920929 69
1683224194574 0.690625011920929 70
1683224217885 0.7281249761581421 71
1683224241077 0.7112500071525574 72
1683224264078 0.706250011920929 73
1683224287865 0.7006250023841858 74
1683224310845 0.7118750214576721 75
1683224335491 0.715624988079071 76
1683224360592 0.7118750214576721 77
1683224386710 0.7112500071525574 78
1683224412550 0.7181249856948853 79
