1683222483008 8.756963729858398 0
1683222510225 7.050439834594727 1
1683222535687 6.379983425140381 2
1683222559072 6.1772074699401855 3
1683222582162 5.630886077880859 4
1683222605784 5.223107814788818 5
1683222628833 4.777547836303711 6
1683222652465 4.617005825042725 7
1683222675530 4.253713607788086 8
1683222699899 4.083209037780762 9
1683222723204 3.7415835857391357 10
1683222746572 3.7986159324645996 11
1683222769927 3.417971611022949 12
1683222793021 3.304713487625122 13
1683222816244 3.2169458866119385 14
1683222839217 3.0772106647491455 15
1683222862678 2.9567105770111084 16
1683222885686 2.925884962081909 17
1683222909088 2.730304002761841 18
1683222931882 2.6354732513427734 19
1683222955307 2.627707004547119 20
1683222978189 2.634671926498413 21
1683223001510 2.5799829959869385 22
1683223024739 2.318120241165161 23
1683223047780 2.296304941177368 24
1683223072811 2.229051113128662 25
1683223095755 2.0932443141937256 26
1683223119273 2.234898328781128 27
1683223142226 2.1653494834899902 28
1683223165908 2.204346179962158 29
1683223189045 2.033032178878784 30
1683223212717 1.9681967496871948 31
1683223236632 1.8978254795074463 32
1683223263261 1.8906731605529785 33
1683223287432 1.922656536102295 34
1683223311029 1.7806251049041748 35
1683223335440 1.826799750328064 36
1683223361314 1.7659128904342651 37
1683223385751 1.7507296800613403 38
1683223410487 1.6066337823867798 39
1683223434175 1.7064270973205566 40
1683223457321 1.6259887218475342 41
1683223480478 1.6655789613723755 42
1683223504799 1.5968550443649292 43
1683223530766 1.4940388202667236 44
1683223556825 1.508829951286316 45
1683223583293 1.4878909587860107 46
1683223608996 1.5101398229599 47
1683223635426 1.3991507291793823 48
1683223661383 1.3792108297348022 49
1683223687711 1.4355201721191406 50
1683223714955 1.4296809434890747 51
1683223742883 1.357946515083313 52
1683223770606 1.289089560508728 53
1683223796420 1.3430262804031372 54
1683223822562 1.3879120349884033 55
1683223848944 1.318287968635559 56
1683223875891 1.3374687433242798 57
1683223901644 1.2891162633895874 58
1683223927317 1.3129875659942627 59
1683223954216 1.222712516784668 60
1683223979440 1.2100932598114014 61
1683224004556 1.163114309310913 62
1683224029946 1.2294694185256958 63
1683224054312 1.2223074436187744 64
1683224078478 1.1762772798538208 65
1683224101527 1.154579520225525 66
1683224124998 1.2165220975875854 67
1683224147957 1.1254080533981323 68
1683224171441 1.08932626247406 69
1683224194574 1.1580066680908203 70
1683224217885 1.060998797416687 71
1683224241077 1.0834025144577026 72
1683224264078 1.0443438291549683 73
1683224287865 1.142653465270996 74
1683224310845 1.095714807510376 75
1683224335491 1.0589793920516968 76
1683224360592 1.078675389289856 77
1683224386710 1.0419870615005493 78
1683224412550 1.0715577602386475 79
