1683222483008 9.999999747378752e-05 0
1683222510225 9.999999747378752e-05 1
1683222535687 9.999999747378752e-05 2
1683222559072 9.999999747378752e-05 3
1683222582162 9.999999747378752e-05 4
1683222605784 9.999999747378752e-05 5
1683222628833 9.999999747378752e-05 6
1683222652465 9.999999747378752e-05 7
1683222675530 9.999999747378752e-05 8
1683222699899 9.999999747378752e-05 9
1683222723204 9.999999747378752e-05 10
1683222746572 9.999999747378752e-05 11
1683222769927 9.999999747378752e-05 12
1683222793021 9.999999747378752e-05 13
1683222816244 9.999999747378752e-05 14
1683222839217 9.999999747378752e-05 15
1683222862678 9.999999747378752e-05 16
1683222885686 9.999999747378752e-05 17
1683222909088 9.999999747378752e-05 18
1683222931882 9.999999747378752e-05 19
1683222955307 9.999999747378752e-05 20
1683222978189 9.999999747378752e-05 21
1683223001510 9.999999747378752e-05 22
1683223024739 9.999999747378752e-05 23
1683223047780 9.999999747378752e-05 24
1683223072811 9.999999747378752e-05 25
1683223095755 9.999999747378752e-05 26
1683223119273 9.999999747378752e-05 27
1683223142226 9.999999747378752e-05 28
1683223165908 9.999999747378752e-05 29
1683223189045 9.999999747378752e-05 30
1683223212717 9.999999747378752e-05 31
1683223236632 9.999999747378752e-05 32
1683223263261 9.999999747378752e-05 33
1683223287432 9.999999747378752e-05 34
1683223311029 9.999999747378752e-05 35
1683223335440 9.999999747378752e-05 36
1683223361314 9.999999747378752e-05 37
1683223385751 9.999999747378752e-05 38
1683223410487 9.999999747378752e-05 39
1683223434175 9.999999747378752e-05 40
1683223457321 9.999999747378752e-05 41
1683223480478 9.999999747378752e-05 42
1683223504799 9.999999747378752e-05 43
1683223530766 9.999999747378752e-05 44
1683223556825 9.999999747378752e-05 45
1683223583293 9.999999747378752e-05 46
1683223608996 9.999999747378752e-05 47
1683223635426 9.999999747378752e-05 48
1683223661383 9.999999747378752e-05 49
1683223687711 9.999999747378752e-05 50
1683223714955 9.999999747378752e-05 51
1683223742883 9.999999747378752e-05 52
1683223770606 9.999999747378752e-05 53
1683223796420 9.999999747378752e-05 54
1683223822562 9.999999747378752e-05 55
1683223848944 9.999999747378752e-05 56
1683223875891 9.999999747378752e-05 57
1683223901644 9.999999747378752e-05 58
1683223927317 9.999999747378752e-05 59
1683223954216 9.999999747378752e-05 60
1683223979440 9.999999747378752e-05 61
1683224004556 9.999999747378752e-05 62
1683224029946 9.999999747378752e-05 63
1683224054312 9.999999747378752e-05 64
1683224078478 9.999999747378752e-05 65
1683224101527 9.999999747378752e-05 66
1683224124998 9.999999747378752e-05 67
1683224147957 9.999999747378752e-05 68
1683224171441 9.999999747378752e-05 69
1683224194574 9.999999747378752e-05 70
1683224217885 9.999999747378752e-05 71
1683224241077 9.999999747378752e-05 72
1683224264078 9.999999747378752e-06 73
1683224287865 9.999999747378752e-06 74
1683224310845 9.999999747378752e-06 75
1683224335491 9.999999747378752e-06 76
1683224360592 9.999999747378752e-06 77
1683224386710 9.999999747378752e-06 78
1683224412550 9.999999974752427e-07 79
