1683393640773 0.14499999582767487 0
1683393674030 0.26875001192092896 1
1683393709106 0.40937501192092896 2
1683393742837 0.4737499952316284 3
1683393778545 0.5350000262260437 4
1683393812792 0.5606250166893005 5
1683393846380 0.606249988079071 6
1683393877136 0.6262500286102295 7
1683393907966 0.6362500190734863 8
1683393941434 0.6675000190734863 9
1683393974940 0.6650000214576721 10
1683394009330 0.6912500262260437 11
1683394042707 0.699999988079071 12
1683394073102 0.7137500047683716 13
1683394107041 0.7087500095367432 14
1683394140233 0.7331249713897705 15
1683394173080 0.7268750071525574 16
1683394203950 0.7599999904632568 17
1683394234999 0.7443749904632568 18
1683394267478 0.7612500190734863 19
1683394304422 0.7712500095367432 20
1683394335000 0.7718750238418579 21
1683394365697 0.7599999904632568 22
1683394397098 0.7975000143051147 23
1683394428488 0.7749999761581421 24
1683394458913 0.7799999713897705 25
1683394490081 0.7987499833106995 26
1683394520937 0.7825000286102295 27
1683394553754 0.8212500214576721 28
1683394585835 0.793749988079071 29
1683394617246 0.8075000047683716 30
1683394650995 0.7981250286102295 31
1683394686252 0.8112499713897705 32
1683394720179 0.8149999976158142 33
1683394752244 0.8199999928474426 34
1683394784751 0.8181250095367432 35
1683394817842 0.8168749809265137 36
1683394851318 0.8262500166893005 37
1683394882694 0.8293750286102295 38
1683394918735 0.8174999952316284 39
1683394951137 0.8337500095367432 40
1683394981987 0.8199999928474426 41
1683395012501 0.8324999809265137 42
1683395045216 0.8268749713897705 43
1683395078706 0.8381249904632568 44
1683395111144 0.8356249928474426 45
1683395144711 0.8431249856948853 46
1683395178883 0.840624988079071 47
1683395214236 0.8268749713897705 48
1683395244995 0.8412500023841858 49
1683395279467 0.8399999737739563 50
1683395314719 0.8356249928474426 51
1683395344714 0.8456249833106995 52
1683395374595 0.8368750214576721 53
1683395404680 0.831250011920929 54
1683395434984 0.8299999833106995 55
1683395465323 0.8387500047683716 56
1683395495502 0.831250011920929 57
1683395525750 0.8356249928474426 58
1683395556133 0.8293750286102295 59
1683395586419 0.846875011920929 60
1683395616506 0.8231250047683716 61
1683395646499 0.8337500095367432 62
1683395676634 0.8493750095367432 63
1683395707048 0.8324999809265137 64
1683395737337 0.8537499904632568 65
1683395768006 0.8299999833106995 66
1683395798453 0.8550000190734863 67
1683395829396 0.8368750214576721 68
1683395859593 0.8556249737739563 69
1683395889805 0.8431249856948853 70
1683395919484 0.8412500023841858 71
1683395950150 0.8399999737739563 72
1683395980972 0.8475000262260437 73
