1683393640773 7.910963535308838 0
1683393674030 5.139430522918701 1
1683393709106 3.474224805831909 2
1683393742837 2.7392706871032715 3
1683393778545 2.4006612300872803 4
1683393812792 2.018233299255371 5
1683393846380 1.800730586051941 6
1683393877136 1.7567811012268066 7
1683393907966 1.4915571212768555 8
1683393941434 1.4548755884170532 9
1683393974940 1.41447114944458 10
1683394009330 1.2607308626174927 11
1683394042707 1.191185474395752 12
1683394073102 1.1182796955108643 13
1683394107041 1.086949110031128 14
1683394140233 1.0246214866638184 15
1683394173080 0.9884971380233765 16
1683394203950 0.8518461585044861 17
1683394234999 0.8658807277679443 18
1683394267478 0.8332489132881165 19
1683394304422 0.7962667942047119 20
1683394335000 0.7767241597175598 21
1683394365697 0.8440542817115784 22
1683394397098 0.7292978167533875 23
1683394428488 0.7314906120300293 24
1683394458913 0.7148048877716064 25
1683394490081 0.6524286866188049 26
1683394520937 0.6966084837913513 27
1683394553754 0.5710912942886353 28
1683394585835 0.6496269106864929 29
1683394617246 0.6241958141326904 30
1683394650995 0.6124622821807861 31
1683394686252 0.5961868166923523 32
1683394720179 0.5541979074478149 33
1683394752244 0.5354662537574768 34
1683394784751 0.5782761573791504 35
1683394817842 0.5641140341758728 36
1683394851318 0.5519250631332397 37
1683394882694 0.5275277495384216 38
1683394918735 0.5700318813323975 39
1683394951137 0.5103368759155273 40
1683394981987 0.5397050976753235 41
1683395012501 0.5384895205497742 42
1683395045216 0.5089478492736816 43
1683395078706 0.4713008403778076 44
1683395111144 0.471416711807251 45
1683395144711 0.4917466640472412 46
1683395178883 0.46608927845954895 47
1683395214236 0.49202170968055725 48
1683395244995 0.4687863886356354 49
1683395279467 0.4759942293167114 50
1683395314719 0.4988045394420624 51
1683395344714 0.4514002203941345 52
1683395374595 0.4799642562866211 53
1683395404680 0.49560803174972534 54
1683395434984 0.48764485120773315 55
1683395465323 0.4758801758289337 56
1683395495502 0.49298492074012756 57
1683395525750 0.5026056170463562 58
1683395556133 0.48944994807243347 59
1683395586419 0.461139976978302 60
1683395616506 0.5169727802276611 61
1683395646499 0.4717002213001251 62
1683395676634 0.4294014871120453 63
1683395707048 0.48635929822921753 64
1683395737337 0.47809910774230957 65
1683395768006 0.49386662244796753 66
1683395798453 0.42664259672164917 67
1683395829396 0.48839110136032104 68
1683395859593 0.42051202058792114 69
1683395889805 0.4569251537322998 70
1683395919484 0.47149908542633057 71
1683395950150 0.46725186705589294 72
1683395980972 0.4231277108192444 73
