1683393640773 0.0010000000474974513 0
1683393674030 0.0010000000474974513 1
1683393709106 0.0010000000474974513 2
1683393742837 0.0010000000474974513 3
1683393778545 0.0010000000474974513 4
1683393812792 0.0010000000474974513 5
1683393846380 0.0010000000474974513 6
1683393877136 0.0010000000474974513 7
1683393907966 0.0010000000474974513 8
1683393941434 0.0010000000474974513 9
1683393974940 0.0010000000474974513 10
1683394009330 0.0010000000474974513 11
1683394042707 0.0010000000474974513 12
1683394073102 0.0010000000474974513 13
1683394107041 0.0010000000474974513 14
1683394140233 0.0010000000474974513 15
1683394173080 0.0010000000474974513 16
1683394203950 0.0010000000474974513 17
1683394234999 0.0010000000474974513 18
1683394267478 0.0010000000474974513 19
1683394304422 0.0010000000474974513 20
1683394335000 0.0010000000474974513 21
1683394365697 0.0010000000474974513 22
1683394397098 0.0010000000474974513 23
1683394428488 0.0010000000474974513 24
1683394458913 0.0010000000474974513 25
1683394490081 0.0010000000474974513 26
1683394520937 0.0010000000474974513 27
1683394553754 0.0010000000474974513 28
1683394585835 0.0010000000474974513 29
1683394617246 0.0010000000474974513 30
1683394650995 0.0010000000474974513 31
1683394686252 0.0010000000474974513 32
1683394720179 0.0005000000237487257 33
1683394752244 0.0005000000237487257 34
1683394784751 0.0005000000237487257 35
1683394817842 0.0005000000237487257 36
1683394851318 0.0005000000237487257 37
1683394882694 0.0005000000237487257 38
1683394918735 0.0005000000237487257 39
1683394951137 0.0005000000237487257 40
1683394981987 0.0005000000237487257 41
1683395012501 0.0005000000237487257 42
1683395045216 0.0005000000237487257 43
1683395078706 0.0002500000118743628 44
1683395111144 0.0002500000118743628 45
1683395144711 0.0002500000118743628 46
1683395178883 0.0002500000118743628 47
1683395214236 0.0002500000118743628 48
1683395244995 0.0002500000118743628 49
1683395279467 0.0001250000059371814 50
1683395314719 0.0001250000059371814 51
1683395344714 0.0001250000059371814 52
1683395374595 0.0001250000059371814 53
1683395404680 0.0001250000059371814 54
1683395434984 0.0001250000059371814 55
1683395465323 6.25000029685907e-05 56
1683395495502 6.25000029685907e-05 57
1683395525750 6.25000029685907e-05 58
1683395556133 6.25000029685907e-05 59
1683395586419 6.25000029685907e-05 60
1683395616506 6.25000029685907e-05 61
1683395646499 3.125000148429535e-05 62
1683395676634 3.125000148429535e-05 63
1683395707048 3.125000148429535e-05 64
1683395737337 3.125000148429535e-05 65
1683395768006 3.125000148429535e-05 66
1683395798453 3.125000148429535e-05 67
1683395829396 1.5625000742147677e-05 68
1683395859593 1.5625000742147677e-05 69
1683395889805 1.5625000742147677e-05 70
1683395919484 1.5625000742147677e-05 71
1683395950150 1.5625000742147677e-05 72
1683395980972 1.5625000742147677e-05 73
