1683411166877 0.1599999964237213 0
1683411201586 0.2643750011920929 1
1683411235053 0.37437498569488525 2
1683411269325 0.44187501072883606 3
1683411305627 0.48249998688697815 4
1683411340433 0.5099999904632568 5
1683411376639 0.5493749976158142 6
1683411410456 0.5606250166893005 7
1683411442457 0.5756250023841858 8
1683411474069 0.6131250262260437 9
1683411505771 0.6081249713897705 10
1683411537405 0.6206250190734863 11
1683411571935 0.6331250071525574 12
1683411604480 0.65625 13
1683411637632 0.653124988079071 14
1683411669394 0.6487500071525574 15
1683411702757 0.6775000095367432 16
1683411734736 0.6787499785423279 17
1683411766485 0.6924999952316284 18
1683411799431 0.6956250071525574 19
