1683411166877 9.566429138183594 0
1683411201586 6.726447582244873 1
1683411235053 4.886661529541016 2
1683411269325 4.089755058288574 3
1683411305627 3.607670545578003 4
1683411340433 3.1591851711273193 5
1683411376639 2.927400827407837 6
1683411410456 2.545912265777588 7
1683411442457 2.4609363079071045 8
1683411474069 1.9315588474273682 9
1683411505771 2.077704429626465 10
1683411537405 1.9820514917373657 11
1683411571935 1.8316683769226074 12
1683411604480 1.6187762022018433 13
1683411637632 1.67093825340271 14
1683411669394 1.5703554153442383 15
1683411702757 1.4206498861312866 16
1683411734736 1.3828295469284058 17
1683411766485 1.2952481508255005 18
1683411799431 1.1935566663742065 19
