1683411166877 0.0010000000474974513 0
1683411201586 0.0010000000474974513 1
1683411235053 0.0010000000474974513 2
1683411269325 0.0010000000474974513 3
1683411305627 0.0010000000474974513 4
1683411340433 0.0010000000474974513 5
1683411376639 0.0010000000474974513 6
1683411410456 0.0010000000474974513 7
1683411442457 0.0010000000474974513 8
1683411474069 0.0010000000474974513 9
1683411505771 0.0010000000474974513 10
1683411537405 0.0010000000474974513 11
1683411571935 0.0010000000474974513 12
1683411604480 0.0010000000474974513 13
1683411637632 0.0010000000474974513 14
1683411669394 0.0010000000474974513 15
1683411702757 0.0010000000474974513 16
1683411734736 0.0010000000474974513 17
1683411766485 0.0010000000474974513 18
1683411799431 0.0010000000474974513 19
