1683412642717 0.19062499701976776 0
1683412672481 0.3031249940395355 1
1683412702486 0.41312500834465027 2
1683412732169 0.4762499928474426 3
1683412761477 0.5274999737739563 4
1683412791013 0.5731250047683716 5
1683412820787 0.5768749713897705 6
1683412850605 0.5893750190734863 7
1683412880331 0.6100000143051147 8
1683412910166 0.6493750214576721 9
1683412939633 0.6581249833106995 10
1683412968967 0.6612499952316284 11
1683412998516 0.6875 12
1683413028470 0.7012500166893005 13
1683413064924 0.6756250262260437 14
1683413099974 0.6899999976158142 15
1683413133108 0.7024999856948853 16
1683413170556 0.7056249976158142 17
1683413203885 0.7162500023841858 18
1683413237065 0.7131249904632568 19
