1683412642717 9.686056137084961 0
1683412672481 6.344632148742676 1
1683412702486 4.825907230377197 2
1683412732169 4.035663604736328 3
1683412761477 3.2741100788116455 4
1683412791013 2.934530258178711 5
1683412820787 2.576704740524292 6
1683412850605 2.414045810699463 7
1683412880331 2.1882171630859375 8
1683412910166 1.9811570644378662 9
1683412939633 1.8399407863616943 10
1683412968967 1.7147250175476074 11
1683412998516 1.6751351356506348 12
1683413028470 1.544053316116333 13
1683413064924 1.6134971380233765 14
1683413099974 1.4705106019973755 15
1683413133108 1.3371243476867676 16
1683413170556 1.3168827295303345 17
1683413203885 1.2294270992279053 18
1683413237065 1.1159626245498657 19
