1683412642717 0.0010000000474974513 0
1683412672481 0.0010000000474974513 1
1683412702486 0.0010000000474974513 2
1683412732169 0.0010000000474974513 3
1683412761477 0.0010000000474974513 4
1683412791013 0.0010000000474974513 5
1683412820787 0.0010000000474974513 6
1683412850605 0.0010000000474974513 7
1683412880331 0.0010000000474974513 8
1683412910166 0.0010000000474974513 9
1683412939633 0.0010000000474974513 10
1683412968967 0.0010000000474974513 11
1683412998516 0.0010000000474974513 12
1683413028470 0.0010000000474974513 13
1683413064924 0.0010000000474974513 14
1683413099974 0.0010000000474974513 15
1683413133108 0.0010000000474974513 16
1683413170556 0.0010000000474974513 17
1683413203885 0.0010000000474974513 18
1683413237065 0.0010000000474974513 19
