1683224703587 0.39625000953674316 0
1683224730288 0.5931249856948853 1
1683224756390 0.6943749785423279 2
1683224783254 0.7037500143051147 3
1683224806350 0.7087500095367432 4
1683224829971 0.7281249761581421 5
1683224854504 0.7537500262260437 6
1683224879061 0.7806249856948853 7
1683224902754 0.7931249737739563 8
1683224928688 0.7818750143051147 9
1683224952567 0.7868750095367432 10
1683224976277 0.7950000166893005 11
1683225001353 0.7881249785423279 12
1683225030243 0.7925000190734863 13
1683225059204 0.7956249713897705 14
1683225084117 0.7862499952316284 15
1683225108433 0.8031250238418579 16
1683225132108 0.8068749904632568 17
1683225155484 0.7900000214576721 18
1683225179023 0.7918750047683716 19
1683225203622 0.8056250214576721 20
1683225227178 0.8050000071525574 21
1683225250296 0.7975000143051147 22
1683225273633 0.7981250286102295 23
1683225299596 0.8081250190734863 24
1683225323033 0.7987499833106995 25
1683225346026 0.7931249737739563 26
1683225369314 0.8212500214576721 27
1683225392440 0.7925000190734863 28
1683225415418 0.8006250262260437 29
1683225438811 0.7931249737739563 30
1683225461749 0.8106250166893005 31
1683225485319 0.8006250262260437 32
