1683224703587 4.330995082855225 0
1683224730288 2.133922815322876 1
1683224756390 1.6125702857971191 2
1683224783254 1.3804078102111816 3
1683224806350 1.3632216453552246 4
1683224829971 1.210048794746399 5
1683224854504 0.9649385809898376 6
1683224879061 0.8922021389007568 7
1683224902754 0.8632645606994629 8
1683224928688 0.8214280605316162 9
1683224952567 0.8259574770927429 10
1683224976277 0.7618939876556396 11
1683225001353 0.7973237633705139 12
1683225030243 0.7469134330749512 13
1683225059204 0.7720946669578552 14
1683225084117 0.7665489315986633 15
1683225108433 0.7157977223396301 16
1683225132108 0.7023304104804993 17
1683225155484 0.7692624926567078 18
1683225179023 0.712118923664093 19
1683225203622 0.6970359086990356 20
1683225227178 0.6812582612037659 21
1683225250296 0.7595956921577454 22
1683225273633 0.7688590884208679 23
1683225299596 0.6772699952125549 24
1683225323033 0.6916813850402832 25
1683225346026 0.7011152505874634 26
1683225369314 0.609722912311554 27
1683225392440 0.6992580890655518 28
1683225415418 0.7394030690193176 29
1683225438811 0.7317525744438171 30
1683225461749 0.6468576788902283 31
1683225485319 0.6460608839988708 32
