1683224703587 0.004999999888241291 0
1683224730288 0.004999999888241291 1
1683224756390 0.004999999888241291 2
1683224783254 0.004999999888241291 3
1683224806350 0.004999999888241291 4
1683224829971 0.004999999888241291 5
1683224854504 0.0004999999655410647 6
1683224879061 0.0004999999655410647 7
1683224902754 0.0004999999655410647 8
1683224928688 0.0004999999655410647 9
1683224952567 0.0004999999655410647 10
1683224976277 0.0004999999655410647 11
1683225001353 0.0004999999655410647 12
1683225030243 0.0004999999655410647 13
1683225059204 0.0004999999655410647 14
1683225084117 0.0004999999655410647 15
1683225108433 4.999999509891495e-05 16
1683225132108 4.999999509891495e-05 17
1683225155484 4.999999509891495e-05 18
1683225179023 4.999999509891495e-05 19
1683225203622 4.999999509891495e-05 20
1683225227178 4.999999509891495e-05 21
1683225250296 4.999999418942025e-06 22
1683225273633 4.999999418942025e-06 23
1683225299596 4.999999418942025e-06 24
1683225323033 4.999999418942025e-06 25
1683225346026 4.999999418942025e-06 26
1683225369314 4.999999418942025e-06 27
1683225392440 4.999999418942025e-07 28
1683225415418 4.999999418942025e-07 29
1683225438811 4.999999418942025e-07 30
1683225461749 4.999999418942025e-07 31
1683225485319 4.999999418942025e-07 32
