1683465490153 0.08874999731779099 0
1683465502918 0.16249999403953552 1
1683465515441 0.28999999165534973 2
1683465527889 0.3774999976158142 3
1683465540753 0.4437499940395355 4
1683465552442 0.5062500238418579 5
1683465564287 0.5224999785423279 6
1683465575645 0.5600000023841858 7
1683465587317 0.5899999737739563 8
1683465599219 0.5762500166893005 9
1683465610635 0.6387500166893005 10
1683465622043 0.643750011920929 11
1683465633818 0.6575000286102295 12
1683465645453 0.6650000214576721 13
1683465657669 0.6987500190734863 14
1683465670259 0.668749988079071 15
1683465681904 0.6850000023841858 16
1683465693688 0.6937500238418579 17
1683465705009 0.6987500190734863 18
1683465716567 0.7437499761581421 19
1683465728286 0.7225000262260437 20
1683465739905 0.71875 21
1683465751239 0.7599999904632568 22
1683465762788 0.7325000166893005 23
1683465774504 0.7437499761581421 24
1683465785879 0.7537500262260437 25
1683465797374 0.7662500143051147 26
1683465809392 0.7712500095367432 27
1683465821290 0.7724999785423279 28
1683465832488 0.7737500071525574 29
1683465843869 0.7524999976158142 30
1683465855531 0.8037499785423279 31
1683465866984 0.7587500214576721 32
1683465878274 0.7837499976158142 33
1683465890080 0.8025000095367432 34
1683465901726 0.7900000214576721 35
1683465912944 0.7900000214576721 36
1683465924598 0.768750011920929 37
1683465936238 0.7912499904632568 38
1683465947720 0.7887499928474426 39
1683465959005 0.7950000166893005 40
1683465970702 0.800000011920929 41
1683465982379 0.8062499761581421 42
1683465993795 0.8012499809265137 43
1683466005166 0.800000011920929 44
1683466016854 0.7787500023841858 45
1683466028438 0.7962499856948853 46
1683466039810 0.7837499976158142 47
1683466051407 0.8187500238418579 48
1683466063021 0.7837499976158142 49
1683466074550 0.7962499856948853 50
1683466085957 0.8137500286102295 51
1683466097598 0.7850000262260437 52
1683466109414 0.7925000190734863 53
1683466120739 0.7887499928474426 54
1683466132519 0.8025000095367432 55
1683466144164 0.78125 56
1683466155633 0.8137500286102295 57
1683466166975 0.7712500095367432 58
1683466178637 0.8162500262260437 59
1683466190243 0.78125 60
1683466201587 0.7762500047683716 61
1683466213064 0.7875000238418579 62
1683466224785 0.8174999952316284 63
1683466236335 0.7724999785423279 64
1683466247485 0.8025000095367432 65
1683466259104 0.7887499928474426 66
1683466270833 0.7900000214576721 67
1683466282223 0.793749988079071 68
1683466293612 0.7774999737739563 69
1683466305301 0.7962499856948853 70
1683466316830 0.7737500071525574 71
1683466328109 0.7912499904632568 72
