1683465490153 12.954436302185059 0
1683465502918 9.21703815460205 1
1683465515441 6.021190643310547 2
1683465527889 4.936678409576416 3
1683465540753 4.071604251861572 4
1683465552442 3.4144716262817383 5
1683465564287 3.062530517578125 6
1683465575645 2.656524419784546 7
1683465587317 2.371617078781128 8
1683465599219 2.524226188659668 9
1683465610635 1.9670432806015015 10
1683465622043 1.9547303915023804 11
1683465633818 1.7511236667633057 12
1683465645453 1.7187302112579346 13
1683465657669 1.5947213172912598 14
1683465670259 1.5198276042938232 15
1683465681904 1.4622559547424316 16
1683465693688 1.417173147201538 17
1683465705009 1.3041975498199463 18
1683465716567 1.145620584487915 19
1683465728286 1.169990062713623 20
1683465739905 1.2348580360412598 21
1683465751239 1.0784510374069214 22
1683465762788 1.1764061450958252 23
1683465774504 1.055409550666809 24
1683465785879 0.9833459258079529 25
1683465797374 0.9617810845375061 26
1683465809392 0.8822193741798401 27
1683465821290 0.8360017538070679 28
1683465832488 0.8882140517234802 29
1683465843869 0.9242556095123291 30
1683465855531 0.722836434841156 31
1683465866984 0.7723691463470459 32
1683465878274 0.8647611737251282 33
1683465890080 0.7998384237289429 34
1683465901726 0.7329033613204956 35
1683465912944 0.7282088398933411 36
1683465924598 0.9452275633811951 37
1683465936238 0.7205219864845276 38
1683465947720 0.7922508120536804 39
1683465959005 0.724781334400177 40
1683465970702 0.7306371927261353 41
1683465982379 0.6717429161071777 42
1683465993795 0.7561236023902893 43
1683466005166 0.723990261554718 44
1683466016854 0.835526704788208 45
1683466028438 0.7816699147224426 46
1683466039810 0.8275437355041504 47
1683466051407 0.6298269033432007 48
1683466063021 0.7272210121154785 49
1683466074550 0.8023039102554321 50
1683466085957 0.6737730503082275 51
1683466097598 0.7743849754333496 52
1683466109414 0.7937802076339722 53
1683466120739 0.7638776898384094 54
1683466132519 0.661619246006012 55
1683466144164 0.765458345413208 56
1683466155633 0.6944190859794617 57
1683466166975 0.8213520646095276 58
1683466178637 0.6829274892807007 59
1683466190243 0.7823113799095154 60
1683466201587 0.7684862017631531 61
1683466213064 0.7805004715919495 62
1683466224785 0.6770796179771423 63
1683466236335 0.790606677532196 64
1683466247485 0.7054824233055115 65
1683466259104 0.8320153951644897 66
1683466270833 0.7434945106506348 67
1683466282223 0.7709126472473145 68
1683466293612 0.853783130645752 69
1683466305301 0.801464855670929 70
1683466316830 0.7877993583679199 71
1683466328109 0.8140928745269775 72
