1683465490153 0.0010000000474974513 0
1683465502918 0.0010000000474974513 1
1683465515441 0.0010000000474974513 2
1683465527889 0.0010000000474974513 3
1683465540753 0.0010000000474974513 4
1683465552442 0.0010000000474974513 5
1683465564287 0.0010000000474974513 6
1683465575645 0.0010000000474974513 7
1683465587317 0.0010000000474974513 8
1683465599219 0.0010000000474974513 9
1683465610635 0.0010000000474974513 10
1683465622043 0.0010000000474974513 11
1683465633818 0.0010000000474974513 12
1683465645453 0.0010000000474974513 13
1683465657669 0.0010000000474974513 14
1683465670259 0.0010000000474974513 15
1683465681904 0.0010000000474974513 16
1683465693688 0.0010000000474974513 17
1683465705009 0.0010000000474974513 18
1683465716567 0.0010000000474974513 19
1683465728286 0.0010000000474974513 20
1683465739905 0.0010000000474974513 21
1683465751239 0.0010000000474974513 22
1683465762788 0.0005000000237487257 23
1683465774504 0.0005000000237487257 24
1683465785879 0.0005000000237487257 25
1683465797374 0.0005000000237487257 26
1683465809392 0.0005000000237487257 27
1683465821290 0.0005000000237487257 28
1683465832488 0.0002500000118743628 29
1683465843869 0.0002500000118743628 30
1683465855531 0.0002500000118743628 31
1683465866984 0.0002500000118743628 32
1683465878274 0.0002500000118743628 33
1683465890080 0.0002500000118743628 34
1683465901726 0.0001250000059371814 35
1683465912944 0.0001250000059371814 36
1683465924598 0.0001250000059371814 37
1683465936238 0.0001250000059371814 38
1683465947720 0.0001250000059371814 39
1683465959005 0.0001250000059371814 40
1683465970702 0.0001250000059371814 41
1683465982379 0.0001250000059371814 42
1683465993795 6.25000029685907e-05 43
1683466005166 6.25000029685907e-05 44
1683466016854 6.25000029685907e-05 45
1683466028438 6.25000029685907e-05 46
1683466039810 6.25000029685907e-05 47
1683466051407 6.25000029685907e-05 48
1683466063021 3.125000148429535e-05 49
1683466074550 3.125000148429535e-05 50
1683466085957 3.125000148429535e-05 51
1683466097598 3.125000148429535e-05 52
1683466109414 3.125000148429535e-05 53
1683466120739 3.125000148429535e-05 54
1683466132519 1.5625000742147677e-05 55
1683466144164 1.5625000742147677e-05 56
1683466155633 1.5625000742147677e-05 57
1683466166975 1.5625000742147677e-05 58
1683466178637 1.5625000742147677e-05 59
1683466190243 1.5625000742147677e-05 60
1683466201587 7.812500371073838e-06 61
1683466213064 7.812500371073838e-06 62
1683466224785 7.812500371073838e-06 63
1683466236335 7.812500371073838e-06 64
1683466247485 7.812500371073838e-06 65
1683466259104 7.812500371073838e-06 66
1683466270833 3.906250185536919e-06 67
1683466282223 3.906250185536919e-06 68
1683466293612 3.906250185536919e-06 69
1683466305301 3.906250185536919e-06 70
1683466316830 3.906250185536919e-06 71
1683466328109 3.906250185536919e-06 72
