1682704188146 0.4568749964237213 0
1682704209242 0.6362500190734863 1
1682704230436 0.6856250166893005 2
1682704251738 0.6706249713897705 3
1682704273382 0.6962500214576721 4
1682704294940 0.7262499928474426 5
1682704317350 0.7350000143051147 6
1682704339855 0.734375 7
1682704361940 0.7400000095367432 8
1682704384776 0.7731249928474426 9
1682704408382 0.762499988079071 10
1682704431120 0.7825000286102295 11
1682704454293 0.7925000190734863 12
1682704476722 0.7962499856948853 13
1682704499873 0.7893750071525574 14
1682704522293 0.8062499761581421 15
1682704545003 0.8075000047683716 16
1682704567686 0.8149999976158142 17
