1682704188146 4.442025661468506 0
1682704209242 2.5484073162078857 1
1682704230436 2.0396878719329834 2
1682704251738 2.4731345176696777 3
1682704273382 1.9856562614440918 4
1682704294940 1.9267765283584595 5
1682704317350 1.86370050907135 6
1682704339855 1.8807158470153809 7
1682704361940 1.6356196403503418 8
1682704384776 1.3998805284500122 9
1682704408382 1.2727177143096924 10
1682704431120 1.1733044385910034 11
1682704454293 1.2250152826309204 12
1682704476722 1.159410834312439 13
1682704499873 1.1060625314712524 14
1682704522293 1.1153650283813477 15
1682704545003 1.005198359489441 16
1682704567686 0.9459062218666077 17
