1682704188146 0.009999999776482582 0
1682704209242 0.009999999776482582 1
1682704230436 0.009999999776482582 2
1682704251738 0.009999999776482582 3
1682704273382 0.009999999776482582 4
1682704294940 0.009999999776482582 5
1682704317350 0.009999999776482582 6
1682704339855 0.009999999776482582 7
1682704361940 0.0009999999310821295 8
1682704384776 0.0009999999310821295 9
1682704408382 0.0009999999310821295 10
1682704431120 0.0009999999310821295 11
1682704454293 0.0009999999310821295 12
1682704476722 0.0009999999310821295 13
1682704499873 0.0009999999310821295 14
1682704522293 0.0009999999310821295 15
1682704545003 9.99999901978299e-05 16
1682704567686 9.99999901978299e-05 17
