1683565626850 0.1262499988079071 0
1683565638771 0.20999999344348907 1
1683565650651 0.26625001430511475 2
1683565662766 0.34375 3
1683565674695 0.4137499928474426 4
1683565687641 0.4137499928474426 5
1683565700742 0.49000000953674316 6
1683565713755 0.4950000047683716 7
1683565726384 0.5137500166893005 8
1683565737949 0.5512499809265137 9
1683565750082 0.5562499761581421 10
1683565762266 0.5837500095367432 11
1683565773926 0.6337500214576721 12
1683565786236 0.6175000071525574 13
1683565799964 0.6349999904632568 14
1683565812203 0.6387500166893005 15
1683565823848 0.6612499952316284 16
1683565835155 0.6662499904632568 17
1683565846680 0.7024999856948853 18
1683565858421 0.6737499833106995 19
1683565869942 0.6837499737739563 20
1683565881736 0.7024999856948853 21
1683565894192 0.6837499737739563 22
1683565906269 0.7074999809265137 23
1683565918808 0.7200000286102295 24
1683565930767 0.6962500214576721 25
1683565942992 0.7074999809265137 26
1683565954952 0.7137500047683716 27
1683565966486 0.6899999976158142 28
1683565979041 0.731249988079071 29
1683565991326 0.7024999856948853 30
1683566002986 0.7087500095367432 31
1683566014490 0.7099999785423279 32
1683566025778 0.7225000262260437 33
1683566037415 0.6887500286102295 34
1683566049143 0.7250000238418579 35
1683566060410 0.7475000023841858 36
1683566071932 0.7237499952316284 37
1683566083617 0.737500011920929 38
1683566095204 0.7174999713897705 39
1683566106607 0.7450000047683716 40
1683566118966 0.7149999737739563 41
1683566131200 0.7262499928474426 42
1683566143792 0.7425000071525574 43
1683566156762 0.7149999737739563 44
1683566170198 0.7275000214576721 45
1683566184254 0.7437499761581421 46
1683566197573 0.7350000143051147 47
1683566211430 0.737500011920929 48
1683566224847 0.75 49
