1683565626850 11.2822904586792 0
1683565638771 8.25346851348877 1
1683565650651 6.4045233726501465 2
1683565662766 5.3971171379089355 3
1683565674695 4.397806644439697 4
1683565687641 4.008080959320068 5
1683565700742 3.4075675010681152 6
1683565713755 3.2759108543395996 7
1683565726384 2.7951810359954834 8
1683565737949 2.6412534713745117 9
1683565750082 2.4953343868255615 10
1683565762266 2.3422906398773193 11
1683565773926 2.0619571208953857 12
1683565786236 1.9652900695800781 13
1683565799964 1.696050763130188 14
1683565812203 1.6804367303848267 15
1683565823848 1.5375876426696777 16
1683565835155 1.436303734779358 17
1683565846680 1.338729977607727 18
1683565858421 1.40751051902771 19
1683565869942 1.335512399673462 20
1683565881736 1.2468364238739014 21
1683565894192 1.308936595916748 22
1683565906269 1.2281743288040161 23
1683565918808 1.2359442710876465 24
1683565930767 1.2866806983947754 25
1683565942992 1.115327000617981 26
1683565954952 1.1998987197875977 27
1683565966486 1.2522902488708496 28
1683565979041 1.0512241125106812 29
1683565991326 1.1658021211624146 30
1683566002986 1.0220571756362915 31
1683566014490 1.1014858484268188 32
1683566025778 0.9967214465141296 33
1683566037415 1.153570294380188 34
1683566049143 1.0624366998672485 35
1683566060410 0.99765944480896 36
1683566071932 1.100242257118225 37
1683566083617 1.041163444519043 38
1683566095204 1.0150301456451416 39
1683566106607 0.8820921182632446 40
1683566118966 1.1204804182052612 41
1683566131200 1.0706688165664673 42
1683566143792 0.9351822733879089 43
1683566156762 1.0556241273880005 44
1683566170198 1.0439937114715576 45
1683566184254 0.9124482870101929 46
1683566197573 0.9663522839546204 47
1683566211430 1.0093941688537598 48
1683566224847 0.9900534152984619 49
