1683565626850 0.0010000000474974513 0
1683565638771 0.0010000000474974513 1
1683565650651 0.0010000000474974513 2
1683565662766 0.0010000000474974513 3
1683565674695 0.0010000000474974513 4
1683565687641 0.0010000000474974513 5
1683565700742 0.0010000000474974513 6
1683565713755 0.0010000000474974513 7
1683565726384 0.0010000000474974513 8
1683565737949 0.0010000000474974513 9
1683565750082 0.0010000000474974513 10
1683565762266 0.0010000000474974513 11
1683565773926 0.0010000000474974513 12
1683565786236 0.0010000000474974513 13
1683565799964 0.0010000000474974513 14
1683565812203 0.0010000000474974513 15
1683565823848 0.0010000000474974513 16
1683565835155 0.0010000000474974513 17
1683565846680 0.0005000000237487257 18
1683565858421 0.0005000000237487257 19
1683565869942 0.0005000000237487257 20
1683565881736 0.0005000000237487257 21
1683565894192 0.0005000000237487257 22
1683565906269 0.0005000000237487257 23
1683565918808 0.0002500000118743628 24
1683565930767 0.0002500000118743628 25
1683565942992 0.0002500000118743628 26
1683565954952 0.0002500000118743628 27
1683565966486 0.0002500000118743628 28
1683565979041 0.0002500000118743628 29
1683565991326 0.0002500000118743628 30
1683566002986 0.0002500000118743628 31
1683566014490 0.0002500000118743628 32
1683566025778 0.0001250000059371814 33
1683566037415 0.0001250000059371814 34
1683566049143 0.0001250000059371814 35
1683566060410 0.0001250000059371814 36
1683566071932 0.0001250000059371814 37
1683566083617 0.0001250000059371814 38
1683566095204 6.25000029685907e-05 39
1683566106607 6.25000029685907e-05 40
1683566118966 6.25000029685907e-05 41
1683566131200 6.25000029685907e-05 42
1683566143792 6.25000029685907e-05 43
1683566156762 6.25000029685907e-05 44
1683566170198 3.125000148429535e-05 45
1683566184254 3.125000148429535e-05 46
1683566197573 3.125000148429535e-05 47
1683566211430 3.125000148429535e-05 48
1683566224847 3.125000148429535e-05 49
