1682705128609 0.46187499165534973 0
1682705148803 0.6631249785423279 1
1682705169632 0.6549999713897705 2
1682705190278 0.6862499713897705 3
1682705210908 0.6800000071525574 4
1682705231834 0.6924999952316284 5
1682705253042 0.706250011920929 6
1682705274328 0.6962500214576721 7
1682705295838 0.7112500071525574 8
1682705317827 0.7212499976158142 9
1682705339991 0.7475000023841858 10
1682705362457 0.7799999713897705 11
1682705384762 0.7887499928474426 12
1682705407448 0.784375011920929 13
1682705429985 0.7743750214576721 14
1682705451976 0.7993749976158142 15
1682705474590 0.7887499928474426 16
