1682705128609 31.33411407470703 0
1682705148803 17.414684295654297 1
1682705169632 18.92807960510254 2
1682705190278 17.58345603942871 3
1682705210908 18.889476776123047 4
1682705231834 19.409137725830078 5
1682705253042 18.628395080566406 6
1682705274328 21.009267807006836 7
1682705295838 20.856046676635742 8
1682705317827 19.992244720458984 9
1682705339991 15.368603706359863 10
1682705362457 12.136361122131348 11
1682705384762 12.216970443725586 12
1682705407448 11.947310447692871 13
1682705429985 11.595943450927734 14
1682705451976 10.380313873291016 15
1682705474590 11.079306602478027 16
