1682705128609 0.10000000149011612 0
1682705148803 0.10000000149011612 1
1682705169632 0.10000000149011612 2
1682705190278 0.10000000149011612 3
1682705210908 0.10000000149011612 4
1682705231834 0.10000000149011612 5
1682705253042 0.10000000149011612 6
1682705274328 0.10000000149011612 7
1682705295838 0.10000000149011612 8
1682705317827 0.10000000149011612 9
1682705339991 0.009999999776482582 10
1682705362457 0.009999999776482582 11
1682705384762 0.009999999776482582 12
1682705407448 0.009999999776482582 13
1682705429985 0.009999999776482582 14
1682705451976 0.009999999776482582 15
1682705474590 0.009999999776482582 16
