1683649549176 0.15000000596046448 0
1683649562429 0.2562499940395355 1
1683649574514 0.35249999165534973 2
1683649588079 0.4437499940395355 3
1683649600915 0.5 4
1683649614728 0.5550000071525574 5
1683649628775 0.574999988079071 6
1683649641938 0.5987499952316284 7
1683649653924 0.6100000143051147 8
1683649666278 0.6387500166893005 9
1683649678683 0.6700000166893005 10
1683649691213 0.6974999904632568 11
1683649705318 0.6937500238418579 12
1683649717702 0.7362499833106995 13
1683649729779 0.7300000190734863 14
1683649741789 0.7362499833106995 15
1683649753536 0.7487499713897705 16
1683649765700 0.7537500262260437 17
1683649778191 0.75 18
1683649790604 0.7787500023841858 19
1683649804235 0.768750011920929 20
1683649816949 0.7337499856948853 21
1683649829706 0.7524999976158142 22
1683649842423 0.7350000143051147 23
1683649854373 0.7537500262260437 24
1683649865956 0.7699999809265137 25
1683649877954 0.7450000047683716 26
1683649890035 0.7549999952316284 27
1683649902151 0.7562500238418579 28
1683649913966 0.7362499833106995 29
1683649925638 0.7799999713897705 30
1683649937714 0.7637500166893005 31
1683649949661 0.7574999928474426 32
1683649962257 0.7475000023841858 33
1683649974805 0.7350000143051147 34
1683649987609 0.7524999976158142 35
1683650001436 0.7749999761581421 36
1683650014378 0.768750011920929 37
1683650027277 0.7887499928474426 38
1683650040961 0.7574999928474426 39
1683650053396 0.7562500238418579 40
1683650066121 0.7425000071525574 41
1683650078551 0.7537500262260437 42
