1683649549176 7.808582782745361 0
1683649562429 5.240767002105713 1
1683649574514 3.771157741546631 2
1683649588079 2.988710403442383 3
1683649600915 2.386439561843872 4
1683649614728 2.0861928462982178 5
1683649628775 1.8597512245178223 6
1683649641938 1.7019975185394287 7
1683649653924 1.5678478479385376 8
1683649666278 1.5253349542617798 9
1683649678683 1.3811243772506714 10
1683649691213 1.1587985754013062 11
1683649705318 1.2057609558105469 12
1683649717702 0.982819139957428 13
1683649729779 1.0814952850341797 14
1683649741789 0.992997407913208 15
1683649753536 0.8488349318504333 16
1683649765700 0.7912704348564148 17
1683649778191 0.9452071189880371 18
1683649790604 0.7563462853431702 19
1683649804235 0.8622453212738037 20
1683649816949 0.9373721480369568 21
1683649829706 0.787631630897522 22
1683649842423 0.8917694687843323 23
1683649854373 0.8815150260925293 24
1683649865956 0.8338894844055176 25
1683649877954 0.8520879149436951 26
1683649890035 0.8656443953514099 27
1683649902151 0.8604651093482971 28
1683649913966 0.9620422124862671 29
1683649925638 0.748169481754303 30
1683649937714 0.8510053753852844 31
1683649949661 0.8341503739356995 32
1683649962257 0.8618130683898926 33
1683649974805 0.9071403741836548 34
1683649987609 0.8722365498542786 35
1683650001436 0.7016780376434326 36
1683650014378 0.7868832945823669 37
1683650027277 0.7401149272918701 38
1683650040961 0.8083242177963257 39
1683650053396 0.8790503144264221 40
1683650066121 0.8525314331054688 41
1683650078551 0.8562953472137451 42
