1683649549176 0.0010000000474974513 0
1683649562429 0.0010000000474974513 1
1683649574514 0.0010000000474974513 2
1683649588079 0.0010000000474974513 3
1683649600915 0.0010000000474974513 4
1683649614728 0.0010000000474974513 5
1683649628775 0.0010000000474974513 6
1683649641938 0.0010000000474974513 7
1683649653924 0.0010000000474974513 8
1683649666278 0.0010000000474974513 9
1683649678683 0.0010000000474974513 10
1683649691213 0.0010000000474974513 11
1683649705318 0.0010000000474974513 12
1683649717702 0.0010000000474974513 13
1683649729779 0.0010000000474974513 14
1683649741789 0.0010000000474974513 15
1683649753536 0.00010000000474974513 16
1683649765700 0.00010000000474974513 17
1683649778191 0.00010000000474974513 18
1683649790604 0.00010000000474974513 19
1683649804235 0.00010000000474974513 20
1683649816949 0.00010000000474974513 21
1683649829706 1.0000000656873453e-05 22
1683649842423 1.0000000656873453e-05 23
1683649854373 1.0000000656873453e-05 24
1683649865956 1.0000000656873453e-05 25
1683649877954 1.0000000656873453e-05 26
1683649890035 1.0000000656873453e-05 27
1683649902151 1.0000001111620804e-06 28
1683649913966 1.0000001111620804e-06 29
1683649925638 1.0000001111620804e-06 30
1683649937714 1.0000001111620804e-06 31
1683649949661 1.0000001111620804e-06 32
1683649962257 1.0000001111620804e-06 33
1683649974805 1.000000082740371e-07 34
1683649987609 1.000000082740371e-07 35
1683650001436 1.000000082740371e-07 36
1683650014378 1.000000082740371e-07 37
1683650027277 1.000000082740371e-07 38
1683650040961 1.000000082740371e-07 39
1683650053396 1.000000082740371e-08 40
1683650066121 1.000000082740371e-08 41
1683650078551 1.000000082740371e-08 42
